RFREQ                                   relative frequencies in Hz
    41                                  number of frequencies
    0.0500
    0.0527
    0.0555
    0.0584
    0.0616
    0.0648
    0.0683
    0.0719
    0.0758
    0.0798
    0.0841
    0.0886
    0.0933
    0.0983
    0.1035
    0.1091
    0.1149
    0.1210
    0.1275
    0.1343
    0.1414
    0.1490
    0.1569
    0.1653
    0.1741
    0.1834
    0.1932
    0.2035
    0.2144
    0.2258
    0.2378
    0.2505
    0.2639
    0.2780
    0.2928
    0.3084
    0.3249
    0.3422
    0.3605
    0.3797
    0.4000
CDIR                                    spectral Cartesian directions in degr
    72                                  number of directions
    2.5000
    7.5000
   12.5000
   17.5000
   22.5000
   27.5000
   32.5000
   37.5000
   42.5000
   47.5000
   52.5000
   57.5000
   62.5000
   67.5000
   72.5000
   77.5000
   82.5000
   87.5000
   92.5000
   97.5000
  102.5000
  107.5000
  112.5000
  117.5000
  122.5000
  127.5000
  132.5000
  137.5000
  142.5000
  147.5000
  152.5000
  157.5000
  162.5000
  167.5000
  172.5000
  177.5000
  182.5000
  187.5000
  192.5000
  197.5000
  202.5000
  207.5000
  212.5000
  217.5000
  222.5000
  227.5000
  232.5000
  237.5000
  242.5000
  247.5000
  252.5000
  257.5000
  262.5000
  267.5000
  272.5000
  277.5000
  282.5000
  287.5000
  292.5000
  297.5000
  302.5000
CIRCLE  307.5000
  312.5000
  317.5000
  322.5000
  327.5000
  332.5000
  337.5000
  342.5000
  347.5000
  352.5000
  357.5000
QUANT
     1                                  number of quantities in table
VaDens                                  variance densities in m2/Hz/degr
m2/Hz/degr                              unit
   -0.9900E+02                          exception value
